[gd_scene load_steps=4 format=3 uid="uid://clw4r621qroff"]

[ext_resource type="PackedScene" uid="uid://bbbt4tbjq2e3s" path="res://models/Giant.blend" id="1_jpkh8"]

[sub_resource type="StandardMaterial3D" id="StandardMaterial3D_67kog"]
albedo_color = Color(0.203922, 0.203922, 0.203922, 1)

[sub_resource type="StandardMaterial3D" id="StandardMaterial3D_ec8db"]
albedo_color = Color(0.54902, 0, 0.243137, 1)
emission_enabled = true
emission = Color(0.811765, 0, 0, 1)
emission_energy_multiplier = 16.0

[node name="Giant" instance=ExtResource("1_jpkh8")]

[node name="Skeleton3D" parent="Armature" index="0"]
bones/2/rest = Transform3D(0.684276, 0.727308, -0.052828, -0.717603, 0.658721, -0.226128, -0.129665, 0.192643, 0.972664, -5.98375e-08, 0.24443, -1.30385e-08)
bones/2/rotation = Quaternion(0.11499, 0.0210988, -0.396758, 0.910448)
bones/2/scale = Vector3(1, 1, 1)
bones/3/rest = Transform3D(0.995194, 0.097891, -0.00233693, -0.0975436, 0.98901, -0.111104, -0.00856485, 0.110798, 0.993806, -1.41095e-07, 0.256854, 0)
bones/3/scale = Vector3(1, 1, 1)
bones/4/rest = Transform3D(0.992354, 0.123275, 0.00606173, -0.123424, 0.991055, 0.0507609, 0.000250046, -0.0511209, 0.998692, 4.10946e-08, 0.231309, -9.31323e-09)
bones/4/scale = Vector3(1, 1, 1)
bones/5/rest = Transform3D(-0.492724, -0.866054, -0.0846916, 0.865337, -0.477393, -0.152603, 0.091731, -0.148478, 0.984652, 0, 0.609431, 0)
bones/6/rest = Transform3D(0.58174, -0.811612, 0.0535135, 0.796831, 0.555472, -0.237721, 0.163212, 0.180933, 0.969858, -1.6205e-07, 0.226739, 3.72529e-08)
bones/6/rotation = Quaternion(0.118754, -0.0311168, 0.456247, 0.881344)
bones/6/scale = Vector3(1, 1, 1)
bones/9/rest = Transform3D(0.999891, 0.0147676, -0.000937368, -0.014784, 0.999671, -0.0209418, 0.000627799, 0.0209534, 0.99978, 0, 0.609431, 0)
bones/15/rest = Transform3D(0.999692, 0.0247891, -0.00175548, -0.0248126, 0.999581, -0.0149127, 0.00138507, 0.0149516, 0.999887, 1.39698e-09, 0.327576, -3.03844e-08)
bones/15/scale = Vector3(1, 1, 1)

[node name="HumanoidBase_NotOverlapping" parent="Armature/Skeleton3D" index="0"]
surface_material_override/0 = SubResource("StandardMaterial3D_67kog")
surface_material_override/1 = SubResource("StandardMaterial3D_ec8db")
