[gd_scene load_steps=2 format=3 uid="uid://csj2q02ymg7kj"]

[ext_resource type="PackedScene" uid="uid://b8wdvd0emyfjb" path="res://models/handgun.blend" id="1_jwqa6"]

[node name="handgun" instance=ExtResource("1_jwqa6")]

[node name="Armature_001" parent="." index="5"]
transform = Transform3D(0.352302, 0, 0.0167929, -0.0159258, 0.111867, 0.334112, -0.00532623, -0.334491, 0.11174, 6.44081, -0.100269, -0.328816)

[node name="Skeleton3D" parent="Armature_001" index="0"]
show_rest_only = true
bones/1/rest = Transform3D(0.999924, 0.0107292, -0.00611128, -0.010778, 0.99991, -0.0080062, 0.00602483, 0.00807145, 0.999949, 9.32495e-08, 5.10981, 3.72139e-08)
bones/3/rest = Transform3D(0.999407, -0.0286695, -0.0190552, 0.032692, 0.963833, 0.264494, 0.0107831, -0.26496, 0.964199, -1.86265e-08, 2.35405, 3.55765e-07)
bones/4/rest = Transform3D(0.985793, 0.124672, -0.112559, -0.152539, 0.945036, -0.289205, 0.0703164, 0.302265, 0.950627, 8.9407e-08, 3.51943, -8.3819e-08)
bones/5/rest = Transform3D(-0.13867, -0.987802, 0.0708411, 0.989878, -0.136069, 0.0403363, -0.030205, 0.0757175, 0.996672, 5.58794e-08, 0.929182, -4.34462e-07)
bones/6/rest = Transform3D(0.725801, -0.687776, -0.0133039, 0.687743, 0.725074, 0.0357526, -0.0149435, -0.0350989, 0.999272, -1.87196e-07, 0.841548, 9.31323e-09)
bones/7/rest = Transform3D(0.999886, 0.00178491, -0.0150155, -0.000317514, 0.995268, 0.0971653, 0.0151179, -0.0971495, 0.995155, -1.86265e-08, 2.35405, 3.55765e-07)
bones/8/rest = Transform3D(0.947755, -0.31827, 0.0215597, 0.318608, 0.941075, -0.113434, 0.0158134, 0.114377, 0.993311, 7.45058e-09, 3.53373, 4.85219e-07)
bones/9/rest = Transform3D(0.369115, -0.929373, -0.00448687, 0.929366, 0.369073, 0.00800979, -0.0057881, -0.00712647, 0.999958, -1.33179e-07, 1.40481, -5.02798e-07)
bones/10/rest = Transform3D(0.475308, -0.879794, 0.00669186, 0.879781, 0.475202, -0.012984, 0.00824327, 0.0120588, 0.999893, -1.91852e-07, 0.916711, 4.32134e-07)
bones/12/rest = Transform3D(0.797189, -0.603607, -0.0121439, 0.603643, 0.796571, 0.0330149, -0.0102546, -0.0336497, 0.999381, -2.14204e-07, 3.51101, -1.57394e-07)
bones/13/rest = Transform3D(0.551371, -0.83426, 0.000416222, 0.834258, 0.551368, -0.00272767, 0.00204609, 0.00185119, 0.999996, 7.72998e-08, 1.70018, -4.60539e-07)
bones/14/rest = Transform3D(0.573963, -0.81888, -0.00132212, 0.818876, 0.573954, 0.00436988, -0.00281958, -0.0035908, 0.99999, 5.7742e-08, 0.982112, 3.60422e-07)
bones/16/rest = Transform3D(0.949026, -0.312383, -0.0420251, 0.313919, 0.924747, 0.21517, -0.0283528, -0.217394, 0.975672, -8.00937e-08, 3.61486, 8.10251e-08)
bones/17/rest = Transform3D(0.862585, -0.50591, 0.00112557, 0.505911, 0.862585, -0.000644724, -0.000644724, 0.00112557, 0.999999, -4.12692e-08, 1.16202, 3.35745e-07)
bones/18/rest = Transform3D(0.94008, -0.340953, 0.00050794, 0.340944, 0.940042, -0.00887417, 0.00254819, 0.00851561, 0.99996, 7.07805e-08, 0.825303, 3.7835e-08)
bones/19/rest = Transform3D(0.462475, -0.326359, -0.824382, -0.475874, 0.693153, -0.541371, 0.748105, 0.642673, 0.16526, -1.86265e-08, 2.35405, 3.55765e-07)
bones/23/rest = Transform3D(0.999924, -0.0107292, 0.00611128, 0.010778, 0.99991, -0.0080062, -0.00602483, 0.00807145, 0.999949, -3.38152e-07, 5.10981, -2.68813e-07)
bones/29/rest = Transform3D(0.992478, -0.122037, 0.0096771, 0.120529, 0.987929, 0.0973077, -0.0214355, -0.0954095, 0.995207, -1.43424e-07, 2.35405, 3.86965e-07)
bones/32/rest = Transform3D(0.995151, -0.0983431, 0.0016268, 0.0983566, 0.995021, -0.0161115, -3.42412e-05, 0.0161934, 0.999869, -2.6077e-08, 0.916716, -1.08965e-07)
bones/34/rest = Transform3D(0.993827, 0.11089, 0.00343375, -0.110942, 0.993167, 0.0362129, 0.000605383, -0.0363703, 0.999338, 1.62981e-07, 3.51101, 1.49012e-07)
bones/35/rest = Transform3D(0.997233, 0.0743419, 1.10888e-05, -0.0743417, 0.99723, -0.00242081, -0.000191026, 0.00241329, 0.999997, -2.6077e-08, 1.70018, -5.47618e-07)
bones/43/rest = Transform3D(0.98981, -0.132149, -0.053038, 0.142393, 0.920297, 0.364388, 0.000657313, -0.368227, 0.929736, 2.5332e-07, 0.425899, 1.54227e-06)
